ITERATION	avg. EXECUTED	avg. WORST	avg. AVG	avg. BEST
0	-1106.1929022988493	-1106.1929022988493	-1106.1929022988493	-1106.1929022988493
1	-963.6542241379314	-1440.588879310344	-1034.923563218391	-629.2582471264365
2	-997.584224137929	-1637.514712643674	-1022.4771168582369	-483.2015804597695
3	-942.1010344827616	-1752.4372701149432	-1002.383096264365	-392.82405172413894
4	-996.8089367816053	-1855.6762643678148	-1001.2682643678198	-341.9700574712652
5	-690.9267528735614	-1859.1292816091955	-975.0209377394641	-325.44459770114844
6	-481.60886219375845	-1858.3490660470454	-950.3212497632232	-301.4360908867119
7	-395.8289425291859	-1858.186892819911	-936.2876438465728	-287.3284834358458
8	-357.64020456126246	-1828.1886398987333	-920.8979544527206	-276.6498823569527
9	-339.5166626789445	-1822.0482141206098	-910.2195796216091	-270.3675643220893
10	-330.9498397356471	-1814.183766749314	-900.9602107630025	-266.85769524740067
11	-320.57954284169443	-1805.7223104629097	-890.8029677813711	-262.9945180472682
12	-317.1619154143354	-1793.5517722992902	-880.2486453648811	-261.0804534139276
13	-310.9664628977762	-1782.4657122270871	-869.4380902841003	-258.76948154949446
14	-311.9226903231871	-1766.1248083892576	-858.3997200006548	-258.3229445341015
15	-309.384218691963	-1750.6688190273821	-845.7532649506194	-257.8097025561401
16	-303.34683996566844	-1732.7704738085208	-833.2297014400984	-254.81371123351875
17	-306.34757145040385	-1715.5057394374435	-822.7726124494469	-255.62883371271525
18	-307.5056418433504	-1697.6000810264572	-812.6443194851524	-255.98488152701339
19	-313.09802172109016	-1675.1740328176259	-802.1529785006405	-256.3666818784225
20	-303.4117301654633	-1653.6782409006014	-789.3686406212305	-254.90524668675903
21	-304.0265001194362	-1629.6147877906753	-777.5940965938355	-254.70093818138508
22	-297.9961629169734	-1606.289654989153	-765.8333837500384	-251.33577212070654
23	-307.35250173535735	-1584.0922994819941	-755.335320719472	-253.80127328017505
24	-302.7538686982655	-1559.7569861411562	-743.1460419842275	-252.1533696504714
25	-295.4045265872141	-1536.1965770326271	-730.2911928358598	-249.33737898039914
26	-294.6678755256836	-1485.509429514329	-714.9650864111342	-249.41660687379672
27	-295.72355368572875	-1459.8179322230383	-703.0135465811898	-248.68508387194612
28	-298.0307676167094	-1435.337320328298	-691.5868143084667	-249.7898949181192
29	-290.35908260992454	-1407.2291207381409	-678.9586709209805	-246.82702123056225
30	-287.43600358056966	-1381.1673505484262	-667.3979145335993	-246.06972402619581
31	-287.8000712353778	-1357.3274934243225	-656.2033522982387	-245.1569679698648
32	-286.1858230917548	-1328.4789110777315	-644.609913612724	-245.04434961200457
33	-282.7637910454982	-1303.328669148307	-633.0681344469821	-244.0929457371809
34	-284.9058521351476	-1277.9135377284833	-622.8905612570035	-244.12277727395306
35	-279.33500315339785	-1251.9603561691497	-611.4690877473665	-241.94883152623012
36	-288.4502906835033	-1224.1476678335346	-601.8468231872669	-244.51603368460792
37	-284.688785321779	-1198.1596449754777	-590.8323283087803	-243.80935901201727
38	-282.7141218603961	-1170.4512536003692	-580.1995431675562	-242.56065098668395
39	-280.3851917679471	-1144.306029686976	-570.0575854057215	-241.37427853218173
40	-280.0481770211508	-1117.8691941224138	-559.1908749311323	-240.89100527005502
41	-280.7173838558638	-1065.6396761956767	-546.3054506347173	-240.9965801289997
42	-278.04309546589144	-1042.2376299836326	-537.2710697131785	-240.20291792945304
43	-270.7739476046278	-1019.1270524146232	-527.3901553801035	-236.89857965715913
44	-274.38660482603996	-995.7081899917619	-519.3209898678114	-237.6300995719047
45	-272.4435427939169	-972.7781734173158	-510.8838825751563	-237.21267737139613
46	-269.1337162166972	-950.8801786057456	-502.68883649091583	-235.8240665577465
47	-267.7472939340135	-929.985912866222	-494.7455329979446	-235.92991758194435
48	-268.2743824266782	-907.7773238011398	-487.17824975345496	-236.56079932923058
49	-268.5389236002369	-887.7095893772619	-479.9884540802894	-236.21026014406684
50	-265.0849448028735	-868.201507778951	-472.1449600125986	-234.7997156503952
51	-263.5910767272131	-850.136263596895	-464.94607185346274	-233.8203703842267
52	-264.73377950096096	-833.8865027853738	-458.47646649838646	-234.425687752435
53	-262.6695981042086	-815.0433287457669	-450.9304749859401	-232.57215903685113
54	-263.9752958151977	-795.1021405852339	-443.7842876671104	-233.10066305090638
55	-262.06268895786013	-776.6793397348807	-436.97414362496727	-232.058556737748
56	-259.8649479016913	-760.0853898920088	-430.6156073102202	-230.60347424030127
57	-257.260755971441	-743.9717874712915	-424.6745305456475	-230.23232926349854
58	-257.1682991036622	-727.9293759121355	-419.0155494634706	-230.38379273621032
59	-257.50774300722725	-713.3833174730323	-413.77763673162855	-229.48918823619294
60	-258.5668447845987	-699.4267603745349	-408.7484094697591	-230.50984500803477
61	-251.45486901154646	-683.0393614335824	-402.432387578228	-226.89144391991158
62	-252.28239428544293	-670.1765263299098	-397.85525047139214	-227.35040076399025
63	-251.29533692134856	-657.3993844827302	-392.8524623808142	-226.76139133496454
64	-253.50104990258663	-642.6600020073328	-388.1406969555399	-226.8101604083623
65	-251.51500728599044	-629.4901795793645	-383.4455158645447	-225.7580756961783
66	-251.60789971600664	-617.8369986536366	-379.1292166558742	-225.70942670777106
67	-251.46980291936015	-606.2509049744043	-374.99291703773577	-225.49981221493798
68	-248.63975933815843	-595.1021290727507	-370.62084326903005	-223.93805006669893
69	-245.53479481857954	-583.2247890586533	-366.2145460088781	-222.86429190988895
70	-243.89836674485173	-571.9353139031185	-362.25737807029356	-221.85856952976494
71	-243.7338413122794	-562.6996800864437	-358.72886248320617	-221.4596455907595
72	-245.98466071145594	-551.5299620311657	-355.1022650264482	-221.59474291100707
73	-243.88724079591626	-542.494301897079	-351.43752655724455	-220.58522814125675
74	-242.59553308168722	-533.0056642755109	-347.7693518800451	-219.9862902032928
75	-242.65602558570197	-523.5468686183879	-344.43187612502885	-219.8500533155164
76	-243.49692248737125	-513.7265909767677	-341.18023860473005	-219.93616620625173
77	-240.40749443291006	-505.03131556747223	-337.58123239490715	-218.2680261550414
78	-241.26477818724516	-496.6748589051782	-334.74056914659343	-218.5210166845154
79	-239.47455770847537	-488.808276904279	-331.63108430567513	-217.68603931723857
80	-237.6995998151343	-481.0072732251911	-328.41140537466	-216.59033781183265
81	-241.31430307279695	-472.9356339522897	-325.8001242672777	-218.0690315103878
82	-239.02559190948938	-465.56360699706954	-322.87921786649446	-216.48082063793808
83	-237.40683179130133	-459.3383301505406	-320.2364691802509	-215.89715429201308
84	-234.92663673070336	-453.4498882637446	-317.4014855594255	-213.73070696566506
85	-234.920522504432	-446.3716558775526	-314.9064929202852	-214.1111231032211
86	-232.37123065374098	-439.47429907898055	-312.05765063549643	-212.78409051637436
87	-236.3837336140837	-433.5294136964271	-310.19006206078745	-214.4303277925723
88	-233.0697475959436	-427.58325991648405	-307.67816270852774	-213.3996784004836
89	-231.3960186906892	-422.5058127150105	-305.3822639001946	-212.04921289802465
90	-230.37522167297507	-417.1573587572777	-303.13481606789946	-211.31073893693008
91	-229.35532647036328	-411.53115972480464	-300.95617573855384	-210.85440668900856
92	-227.19894821818446	-406.8825678208635	-298.81068948055696	-210.17811140401534
93	-226.0459992937575	-402.1223099899495	-296.67289437755903	-208.9725179912376
94	-224.45574007264744	-397.62684766119503	-294.49707217308065	-207.61948473828255
95	-230.21918137467645	-393.69073163856257	-293.432125593268	-209.65165680471372
96	-224.9592931965535	-389.23205959840016	-291.17323770798487	-207.54627404604912
97	-222.26179439129328	-384.7362644558638	-289.09314726369644	-206.327574405105
98	-220.75889566431803	-380.49501243344184	-287.0854605208993	-205.02229850315712
99	-221.44997018070885	-376.70875591775757	-285.40629091980577	-205.09350399198863
100	-220.744227330307	-373.56729675246305	-283.72913315556065	-204.66567126757053
101	-217.7273249265987	-369.44277849134994	-281.6526575203039	-202.75311597132483
102	-220.35382998451598	-365.9444716819894	-280.34585469674136	-203.44335806465864
103	-217.33808646719916	-362.1448360205994	-278.44148240623696	-201.92342361268263
104	-216.7502466438098	-358.8602480103621	-276.8791587369048	-201.50781224862075
105	-217.7118434160406	-355.37088788167995	-275.52001905300614	-202.08039079286144
106	-217.02826399423134	-352.58201420774463	-274.083925391582	-201.5666498895048
107	-215.89926273858964	-349.84740667141944	-272.6133360224736	-200.7833565633487
108	-214.87649890060032	-347.1738639634037	-271.14108456135966	-199.8963992696788
109	-213.2451758176399	-344.292991815799	-269.63953406084545	-199.2105307503711
110	-213.48837747468582	-342.022609942295	-268.42593921153195	-198.8163184433841
111	-212.54480461042021	-339.1578376621298	-267.01596661771225	-198.14607925828594
112	-212.33749583370582	-336.33022492705516	-265.6079498781672	-197.59584036710808
113	-211.67880224163503	-333.0425483198959	-264.1309268618114	-196.93584595372673
114	-212.06091131870744	-330.50836481305464	-262.9968444764315	-197.34066848600375
115	-210.53140558370634	-328.26762135792416	-261.61688911616363	-196.175833259472
116	-210.8692195720007	-326.0336026850322	-260.4527803288778	-195.54306859757912
117	-208.17661867477307	-323.80898946019664	-259.0299130573435	-194.40823199091173
118	-209.51334332653732	-321.2027447486508	-257.9745901262673	-194.9913422474446
119	-208.77613699924729	-318.7739878074847	-256.71285682493055	-194.9168124087855
120	-208.00081264787136	-316.577027351933	-255.49900060651512	-194.1810380007037
121	-204.5531859550424	-314.37693656827065	-254.04079082219715	-192.2266046573598
122	-205.63511573864042	-312.61415817697826	-253.1024556031052	-192.09851607050567
123	-203.76586051486626	-310.53181363838087	-251.83441994523167	-191.4774706694431
124	-204.05701424867183	-308.3456226982772	-250.68780228274073	-191.15150838745632
125	-203.4253186690067	-306.3544274469161	-249.55181893404372	-190.81841298659538
126	-202.88702938583813	-304.3906637548692	-248.47444853987105	-190.40375168036493
127	-201.33815272704197	-302.67856683188285	-247.29565379433055	-189.4182938221537
128	-201.92218321738514	-301.4197507230775	-246.39600825182572	-188.66169362250272
129	-202.95119583910454	-299.54387821978673	-245.5693919953142	-189.09269759458908
130	-202.83061903728975	-298.1979229642997	-244.6184563585825	-188.8042729443689
131	-199.30340118796443	-296.42552218532836	-243.2676593988804	-187.07988511202512
132	-200.15027196513327	-294.69419263740264	-242.3313451618345	-187.34165951369937
133	-198.36482002416565	-292.91208905161443	-241.0971944587811	-186.12712999665712
134	-198.89278625740212	-291.15829992902144	-240.25284977628385	-186.88007311450872
135	-198.92600265058675	-289.37197522130685	-239.27489357424474	-186.63744114526006
136	-197.76612005343995	-287.8078575420899	-238.25778958417328	-186.02306923517745
137	-197.79761729997713	-286.3453774005509	-237.41903000933007	-186.13625196750272
138	-198.81885695190823	-284.9740351341704	-236.6731188681733	-186.08713894502728
139	-198.08521354024546	-283.5402356248757	-235.7633955794234	-185.78768543861656
140	-196.47140785000713	-282.1853792467736	-234.68006590085574	-184.90610740478922
141	-196.15147452112473	-280.6594038510857	-233.82192688145804	-184.51907530977743
142	-195.27826707852049	-279.40227155528635	-232.9877467634365	-184.28952081533026
143	-194.98300103082906	-278.08204349816157	-232.08724439618646	-183.65660866916602
144	-194.623802680164	-276.476607706261	-231.1657076268018	-183.37206604198317
145	-196.13345688874847	-275.16879297261335	-230.50928159165895	-183.71543300205687
146	-195.4267618819463	-273.6290771518795	-229.6674407661049	-183.45971612362573
147	-196.98534780106476	-272.4605199165498	-229.1357552440315	-183.8010483755798
148	-195.49687484697378	-271.1475095744038	-228.26203081734388	-183.58289176311268
149	-196.01157602303877	-270.061813954469	-227.6262288955853	-183.24395122824683
150	-195.2067366040365	-268.8363732156462	-226.83036380849765	-182.83487782646944
151	-195.95291356292756	-267.51527593959577	-226.24960303223847	-183.29827353573256
152	-195.57997975742418	-266.27656153896964	-225.63919824342207	-183.39658504800855
153	-196.21569536739514	-265.23770793653995	-225.16980874810784	-183.48030570636138
154	-195.88130832883522	-264.23427396172366	-224.56818253911987	-183.52658447627073
155	-195.37542892514784	-263.19372416811683	-223.88976153589448	-182.9213380373279
156	-195.08190156726127	-262.27485291751304	-223.3612326294168	-183.14034722934
157	-194.5811080294349	-261.02082069317765	-222.74680658212063	-183.13273666332333
158	-194.86646488165405	-259.77439872191235	-222.2077781773806	-183.02114168167785
159	-195.33088454259894	-258.79928636996505	-221.78573608951856	-183.53352122769806
160	-193.2489717218477	-257.7062282418765	-220.96207154874654	-182.5769962656341
161	-193.08949107125352	-256.58027521355734	-220.28974271112995	-182.06457728815207
162	-194.45191706026895	-255.77334751277587	-219.9159378945872	-182.34840527047498
163	-193.89722881582503	-254.86544883407137	-219.39698401794905	-182.32939703770342
164	-194.2856214643642	-254.00433485219295	-218.99044366380505	-182.49205268863167
165	-193.41474743900588	-253.07627875156598	-218.410313034146	-182.31925669977355
166	-193.63958262301182	-252.26814926897492	-217.9141310626592	-181.6398739222684
167	-191.25523863921742	-251.0807061605839	-217.08868571368322	-180.5865817788953
168	-193.53181690107974	-250.36570504728962	-216.84867082531164	-181.48920338966772
169	-192.16870615143003	-249.26848757367196	-216.2023347911136	-180.907043853839
170	-193.40517967087976	-248.58057282761385	-215.94200051213295	-181.46493206380202
171	-191.31664314968103	-247.61425761425977	-215.2853846151907	-180.74494067630016
172	-192.7032928670125	-246.9206454542362	-215.045485752116	-181.708390625007
173	-192.01842345934148	-246.1694001494897	-214.61712875222355	-181.5716478697164
174	-193.31867824331937	-245.42696581233795	-214.3985166867821	-181.92948051917523
175	-191.55629584270852	-244.5784197134722	-213.83884206087387	-180.99025720483482
176	-191.92838464044777	-243.70205659548236	-213.50119330072542	-181.30546017139136
177	-192.16050152955933	-242.84466460840756	-213.15569188225635	-181.54945625699563
178	-191.3829612645374	-241.82250363013867	-212.65996644350784	-181.33052711657112
179	-190.95863689901802	-241.04443117758393	-212.17216405907953	-180.94819691707923
180	-192.5289404096491	-239.9957315366405	-211.91253983023608	-181.62980634410422
181	-192.3881685610884	-239.2919955594083	-211.55023734425217	-181.4673450673798
182	-190.81742100663047	-238.59598420716782	-211.0708657939498	-181.13162178084602
183	-190.717785350163	-237.85158599150157	-210.6880769494745	-180.87035559369002
184	-191.04045147398935	-237.3637894604614	-210.33784826838703	-180.85876839208657
185	-191.74152555745908	-236.48217082802924	-210.03914301806128	-181.02510269014348
186	-192.45207124332165	-236.09444138355224	-209.83378851181308	-181.0390223291706
187	-191.72862621562612	-235.3538180500915	-209.47424424568226	-181.09825686609446
188	-192.0424367198604	-234.69782374948295	-209.251500076105	-181.50474997708557
189	-191.10459326840527	-234.04694508307267	-208.83119135987275	-181.04575281727
190	-192.04228190059885	-233.93477572165804	-208.6210295872906	-180.45276293968917
191	-190.97673146782216	-233.03206306795926	-208.59029100193666	-181.73365255758407
192	-199.55538442941304	-236.5245129499989	-210.08364686201818	-182.90114693777696
193	-203.05349626150536	-238.89463145204334	-211.55091852936198	-183.3494950208103
194	-205.26222788109493	-240.71192124169048	-213.0656248271092	-184.05303453834767
195	-206.6153085558494	-242.1863977556667	-214.58571791141205	-184.62648242557438
196	-207.7631928073542	-243.40619117594014	-216.15914776712214	-185.3219630694787
197	-208.56121296741554	-244.32745101985086	-217.62288272917436	-186.43396905776524
198	-208.85521579517257	-245.18182468166333	-218.74586803291413	-186.82579582202715
199	-209.1959941877037	-245.85511915469482	-220.0421279758031	-188.36606557238466
200	-208.4699373867237	-246.33738071213423	-221.0994376226234	-190.6384904998286
201	-208.38675103415707	-246.65003189066152	-221.88790710397333	-191.2991533105258
202	-208.51828238012047	-247.03561448045863	-222.55112971718057	-192.15530026561171
203	-208.48033576572973	-247.38504717100804	-223.1124969829791	-192.8239847565239
204	-207.0551245370216	-247.61464828348443	-223.45703257354072	-193.4310599636334
205	-207.2092327808732	-247.84130277789086	-223.97733736624687	-194.53472082505675
206	-207.27459802413443	-247.9448486940661	-224.34724607500019	-195.5415690576489
207	-207.09683299229843	-248.07005042597362	-224.6747805057284	-196.50675341613336
208	-206.69911038636528	-248.20349455932373	-224.87793387523536	-196.97818797329077
209	-205.98396067004484	-248.2666321248163	-225.11589043233315	-197.47991233866796
210	-205.61923756287106	-248.31839490393665	-225.26644567617052	-197.73035621068038
211	-205.51449139420316	-248.42243541277745	-225.41985644601286	-198.05178608683357
212	-204.6070279435521	-248.45341067900864	-225.4391446322274	-197.87236729431103
213	-204.88996331239622	-248.5053447089944	-225.69393796821973	-198.5633061142082
214	-204.2546640949353	-248.55378223659002	-225.7601156473382	-198.43157194281955
215	-204.0064742474213	-248.5831049190826	-225.80929857665606	-198.55792335248302
216	-203.6137432767707	-248.62571625000072	-225.825560580561	-198.37455994885738
217	-203.62317172453993	-248.67300088720833	-226.00049295099976	-198.40729169659545
218	-203.2324471692093	-248.69771393922625	-226.0675170440136	-198.58379212291092
219	-202.91047264897367	-248.69784855672106	-226.09152955102655	-198.66925587470055
220	-202.55321615782552	-248.7203341314241	-226.10627127420304	-198.5380546014782
221	-202.2220202781139	-248.7494874998954	-226.11963356491947	-198.3256660433402
222	-202.24489927363695	-248.76293827590752	-226.16315015231416	-198.54449270988025
223	-201.89616634571024	-248.78088608930886	-226.14585694595922	-198.39609462525482
224	-201.3579528844569	-248.7881502890328	-226.10146257292038	-198.02653039477013
225	-201.4496578090975	-248.8053606555883	-226.16595459697828	-198.28960498823906
226	-200.95633314463873	-248.80711380627807	-226.13421611842375	-197.96396543132394
227	-200.48113444068943	-248.8208816148605	-226.0903781902589	-197.7517700915163
228	-200.38900059616526	-248.83459098853922	-226.0955002670724	-197.6433842066112
229	-200.24854189410766	-248.85636483104835	-226.11614151679373	-197.51736323683917
230	-200.0419520620921	-248.876381671617	-226.1188746031518	-197.52554918626592
231	-199.78230403247576	-248.87912340312445	-226.10522559803363	-197.42039268325817
232	-199.65683045677238	-248.90089322030772	-226.1030642839899	-197.21019019990933
233	-199.41153854440557	-248.90517532712747	-226.10377927081058	-197.2094646488294
234	-199.17730952761522	-248.90493294198816	-226.09626301168575	-197.11580479252908
235	-199.0794109646684	-248.91266775505247	-226.09101928270738	-197.02042668186854
236	-198.78868745811286	-248.91798672298458	-226.05874526312792	-196.8123715900855
237	-198.8767763826681	-248.9293190415585	-226.09402491335155	-196.91295632747125
238	-198.6935814342969	-248.93050627606058	-226.0831119522295	-196.80423224633537
239	-198.50800368938542	-248.93590797394893	-226.06760625794476	-196.63653696372995
240	-198.60210853821485	-248.94053916013877	-226.08878039910775	-196.71640418187064
241	-198.48892702338492	-248.9462277769425	-226.09208307394624	-196.59128025607916
242	-198.6176354160984	-248.94978819352326	-226.1278696632229	-196.8789223674306
243	-198.6224941501341	-248.95584755254848	-226.13668092931485	-196.75665720833024
244	-198.2549339542826	-248.9631892280308	-226.1004357660147	-196.42202508594147
245	-198.07653544340144	-248.96043258291013	-226.09478149081568	-196.54917163734964
246	-197.79425176199155	-248.95923787358817	-226.05824392654182	-196.27956245368895
247	-197.7034984309584	-248.96312349183145	-226.05054859399934	-196.03386058665038
248	-197.46919371189782	-248.9761953698829	-226.03026095315664	-195.8999719832302
249	-197.54102816759746	-248.97260136935068	-226.0832451665847	-196.1715216691528
250	-197.22004787637854	-248.9748166320398	-226.05304836778836	-195.86864919508022
251	-196.79960239178044	-248.97789936761677	-226.0003847637748	-195.5165583979378
252	-196.69180013469716	-248.98718019233618	-225.99457823230918	-195.48102723913956
253	-196.40921670029564	-248.98938207423436	-225.96252006231708	-195.1551631199553
254	-196.29611575895555	-248.9974965922283	-225.95806294447505	-195.03229122764037
255	-196.0231238368871	-248.99306998634106	-225.92826127345697	-194.96994445092182
256	-195.94166805484983	-248.9927656060106	-225.91939170723043	-194.85163939700857
257	-195.7659741942648	-248.99326163179433	-225.89986394387415	-194.67984743692398
258	-195.61688656348758	-248.99353590751505	-225.88421975377855	-194.60364562753045
259	-195.39472664619223	-248.99924359956557	-225.8572843862591	-194.36806184173898
260	-195.15365416609006	-248.99722068739598	-225.8263904060417	-194.1414310034491
261	-195.02614561398758	-248.99912027308758	-225.81532850286774	-194.0315273530542
262	-194.7388429845714	-249.00141669094882	-225.77858070661946	-193.7797494289065
263	-194.715548663738	-249.00140342471724	-225.77916320059006	-193.83406234197082
264	-194.56475538046945	-249.00139570380367	-225.7596110880211	-193.68645641118033
265	-194.46477213157237	-249.0026862291278	-225.74966551065697	-193.53061986296126
266	-194.58165215117458	-249.00536425383814	-225.7758690199432	-193.6763476839625
267	-194.11835517965235	-249.0067775841477	-225.71287605134552	-193.23561647012494
268	-193.92540313354087	-249.00749360869054	-225.68829052202213	-193.11548160815244
269	-194.13030364149927	-249.01473127464885	-225.7229919644384	-193.2520417645322
270	-193.51423507562805	-249.00936825261556	-225.638944227022	-192.78629711166195
271	-193.34926720023137	-249.00745345932992	-225.61619120329684	-192.5842726039423
272	-193.3611047384929	-249.00937703737114	-225.6195155574209	-192.5748110295631
273	-193.1832371522375	-249.0090655142768	-225.5966467713304	-192.45461956189808
274	-193.03740861582517	-249.01181481541374	-225.57804101247248	-192.31541209526654
275	-193.13157515795777	-249.01266311380306	-225.59360281098137	-192.33785203767243
276	-192.95773784850584	-249.0116665244696	-225.57317986670122	-192.16606019672895
277	-192.75485949420943	-249.01118323048476	-225.5492463135195	-192.02839304272626
278	-192.5798027746466	-249.0103364656469	-225.52979522373784	-191.89459261850564
279	-192.50568220829894	-249.01115672038483	-225.52051140647762	-191.8272073195072
280	-192.28085206416733	-249.01171674401	-225.49051235185976	-191.61752931834653
281	-192.71013855054935	-249.01367935902547	-225.5615988407671	-191.887579369257
282	-192.04660740286445	-249.01394142548688	-225.4809868463523	-191.45229330212536
283	-191.88011227135976	-249.0142228177468	-225.46172858701192	-191.24747072132087
284	-191.71275979135876	-249.01605729722766	-225.44438727468975	-191.12917212804913
285	-191.5929899565685	-249.01705661575718	-225.42993998312556	-190.98224675917317
286	-191.65361307058825	-249.020204030651	-225.44343065781197	-191.07204856412554
287	-191.34140175338538	-249.02296337254944	-225.40235793479022	-190.776988768228
288	-191.44727456820817	-249.0421087230794	-225.4194038654618	-190.7645628791514
289	-191.37634462631027	-249.04393858046845	-225.41670946229686	-190.7737557605526
290	-191.4253732224893	-249.0576802850267	-225.42791382752227	-190.7372540965911
291	-191.4503495237363	-249.08045145719936	-225.44011095904628	-190.68796389793047
292	-191.168113254823	-249.07800873210317	-225.4121636584729	-190.4681397904175
293	-190.9058323004972	-249.08934959376143	-225.38532178249474	-190.21100397197085
294	-190.6240902995459	-249.09929981123224	-225.35420022829086	-189.9646939755554
295	-190.43524013949252	-249.1196266896315	-225.33653869376928	-189.73207254623506
296	-189.99090485978948	-249.12302934881535	-225.28473725084882	-189.33798759129678
297	-189.73505595022004	-249.12938354844053	-225.2602448868828	-189.09829730310656
298	-189.46678780156	-249.13208659498403	-225.22987964997725	-188.86333576969466
299	-189.23969820649583	-249.13289697764475	-225.20538927496065	-188.6994171184601
300	-189.02408170739457	-249.1331436446835	-225.17887171898272	-188.47791673923527
301	-188.88525685576977	-249.1344883507302	-225.1627281412101	-188.36009110415344
302	-188.70428168945847	-249.13566149301664	-225.14004323549875	-188.18417317667524
303	-188.55251799364083	-249.1412773996436	-225.1231906283411	-188.0598899897789
304	-188.39689937785184	-249.15204973310225	-225.10367423793866	-187.86893717954274
305	-188.34401356394946	-249.16125677340386	-225.0996605865344	-187.7686457968567
306	-188.16878762419935	-249.1624728969078	-225.08440970091792	-187.60783104315195
307	-188.15054905515134	-249.16258820464594	-225.08492615664292	-187.60376566004777
308	-188.11747887947297	-249.16171872976082	-225.08467049514542	-187.66852183338446
309	-187.80204418713106	-249.16373577608215	-225.0412682035832	-187.26568283246553
310	-187.4964848345297	-249.16332237632386	-225.00342952696067	-187.07974543133076
311	-187.4721979665056	-249.16319493251092	-225.00152164473258	-187.04958958115827
312	-187.2394905238927	-249.1631046070706	-224.9697792742521	-186.8559999492851
313	-187.03116743727048	-249.172196732905	-224.94473939910992	-186.62530281581581
314	-186.67839785535506	-249.16356639345014	-224.895293373139	-186.2984752107286
315	-186.6060780286827	-249.16673421644404	-224.8863006696718	-186.261076996196
316	-186.3403550103514	-249.16320801274375	-224.84882021492518	-185.9895592550363
317	-186.20051204186447	-249.16350114849885	-224.8295417780651	-185.8274959171606
318	-186.0302219584919	-249.16368679388628	-224.80639021067088	-185.68944957567706
319	-185.9597082137041	-249.16453821553623	-224.79655312109324	-185.56507725834584
320	-185.7787386679202	-249.1693829578623	-224.77289096259048	-185.42498646778762
321	-185.48695681157906	-249.16952041905466	-224.73347310091748	-185.0771438218604
322	-185.24838677282074	-249.1723222751801	-224.70186547783672	-184.8417550803212
323	-185.29453999174183	-249.1729496271143	-224.70987209408997	-184.9287245677214
324	-185.15028407763663	-249.17517561007566	-224.69053314253946	-184.76410698766773
325	-185.0519557881515	-249.17584185545968	-224.67856428908624	-184.66333778580668
326	-184.8372904504634	-249.1757605355065	-224.65000312026663	-184.49824000674758
327	-184.5511664612338	-249.17577493473286	-224.61015462416506	-184.14193350902826
328	-184.36418920177476	-249.17581271924385	-224.58634202303375	-183.9842868150625
329	-184.2938088605379	-249.17622839100522	-224.57741086579773	-183.95282599307205
330	-183.85384462694876	-249.17695865734302	-224.5165352462715	-183.51318222380198
331	-183.39751815172392	-249.18073718172272	-224.45267677099716	-183.07105577437653
332	-183.15635108575057	-249.18575369390854	-224.42006609310997	-182.74438519170016
333	-182.81518472023504	-249.18662358529485	-224.3760433026773	-182.5020018874639
334	-182.6199138264472	-249.18750493303145	-224.34935418594492	-182.28282781969835
335	-182.42488193965994	-249.18733326225578	-224.3236922984792	-182.09197303924662
336	-182.28553826425454	-249.18818056715355	-224.30502760980966	-181.94043909965328
337	-181.97299301465276	-249.19259176406038	-224.26195041094792	-181.60747407834197
338	-181.877049654754	-249.19623582478422	-224.25084365893122	-181.55928016917383
339	-181.8423234253946	-249.1943397876205	-224.2475654971545	-181.5441835794234
340	-181.6541293001273	-249.1955191946676	-224.221214286168	-181.3477433288043
341	-181.43755852461837	-249.19722680936584	-224.1913164627028	-181.12815193090466
342	-181.46231714398758	-249.19910997066853	-224.1956015198908	-181.16732208611873
343	-181.11238287735475	-249.19766570918065	-224.14603243501983	-180.74718113035715
344	-181.0071327062856	-249.1972770544449	-224.1344326780015	-180.7126590658981
345	-180.83654966648143	-249.2000755387219	-224.11321500878523	-180.5594306353785
346	-180.68162774666857	-249.20615634175246	-224.0924096590072	-180.37699826235084
347	-180.6115680965425	-249.20632347186086	-224.08610133953457	-180.318549106082
348	-180.57117331384484	-249.20692235616747	-224.08155827612876	-180.28933740739123
349	-180.53090518758924	-249.20723257126352	-224.07702796594836	-180.21677883421165
350	-180.44092495242535	-249.21515654282135	-224.06483999015165	-180.15057118230553
351	-180.53069137480782	-249.21580793441578	-224.0796946807026	-180.2198197298339
352	-180.496989083519	-249.2159541897172	-224.07642421897143	-180.20727492043562
353	-180.31334711434917	-249.217564863856	-224.05130435801865	-180.03274794731846
354	-180.3642836214431	-249.21663995311283	-224.06023293364086	-180.08522772524535
355	-180.41305196563343	-249.21908142922692	-224.06792287651405	-180.06922688978045
356	-180.42244635988683	-249.22024749869007	-224.07271853151346	-180.1237818015188
357	-180.3070486870579	-249.22050744191944	-224.05847565090355	-180.0298583993052
358	-180.3367750707897	-249.22120421869204	-224.06311663514776	-180.04890061217856
359	-180.34552043269258	-249.22728123468548	-224.06553296524442	-179.9796013187374
360	-180.38206379412702	-249.23763594046508	-224.0737441350176	-179.99526918413463
361	-180.33627178842147	-249.25374826909058	-224.07276508378348	-179.91847192839128
362	-179.2833332927267	-249.27329974752405	-223.9301195772377	-178.8166556973746
363	-178.59893450462167	-249.28046158822474	-223.8414199460114	-178.1780959980233
364	-178.39569307540108	-249.28506976399734	-223.8204187952567	-177.99753491955414
365	-178.8428343249592	-249.2921399207845	-223.89232102935517	-178.4150350088162
366	-179.1872754505642	-249.29859267009763	-223.94606291372125	-178.73092739763783
367	-179.39932408535714	-249.30604406143812	-223.98238256007483	-178.92144160106204
368	-179.11276126105054	-249.31239234244958	-223.94800079492595	-178.6297768817549
369	-179.28735599284718	-249.33172736008945	-223.97919490190208	-178.72048265429245
370	-179.086303497709	-249.39308658518803	-223.960064570354	-178.2791348344698
371	-178.60334900948894	-249.43520567381194	-223.90939508500864	-177.7339415218546
372	-178.58867712175874	-249.4999000905183	-223.93249212347465	-177.55913049722045
373	-178.1413326949184	-249.53471368661084	-223.90286485299345	-177.17056846549318
374	-177.36763504516622	-249.55509692702825	-223.8215886624274	-176.40134883414552
375	-177.14275844832636	-249.57000068194486	-223.81987956228977	-176.22382517547027
376	-177.2298464022968	-249.5738483354363	-223.8595513319968	-176.44260803446133
377	-177.22014697663013	-249.57789157556084	-223.87690517723834	-176.45317772819212
378	-176.94854128968956	-249.5811668932683	-223.85122951116605	-176.17951101717665
379	-176.80799178834027	-249.579562371172	-223.845194594345	-176.06668203992535
380	-176.558440657585	-249.58138739452798	-223.8214151366308	-175.93105241833487
381	-176.4949273351422	-249.58418935477846	-223.8207061358299	-175.91615952279605
382	-174.96783714162618	-249.58607684462103	-223.6114451029072	-174.40189624911523
383	-175.4892852672875	-249.59091590764396	-223.69270143697162	-174.93321462686677
384	-175.3723264096498	-249.60076995697779	-223.68223243594122	-174.8321435325958
385	-174.96649679392684	-249.60085087815054	-223.63192974147734	-174.50006204556783
386	-175.1038574083799	-249.60370762652954	-223.65507913034128	-174.6242993682996
387	-175.10411378830923	-249.6035200559075	-223.65914059745344	-174.65455614004821
388	-175.23002522809432	-249.60433494060746	-223.6810841540468	-174.78305326094258
389	-174.9345329006128	-249.61435203142742	-223.64342962610746	-174.352475617425
390	-175.0888266322476	-249.6158417335386	-223.67342447893938	-174.64851097138404
391	-175.17317741116125	-249.6266990788203	-223.68856415853259	-174.7046463055682
392	-175.14148995801798	-249.62780806644145	-223.68921505274207	-174.70901695935396
393	-174.98232106426804	-249.63344703255862	-223.6730458285567	-174.56991586756288
394	-174.90452165499823	-249.63096241773138	-223.66699179625166	-174.5438825334752
395	-174.91020698260323	-249.6367025689464	-223.66898840399705	-174.48845167771512
396	-174.8728957109801	-249.63696855015732	-223.6675730626536	-174.51898032671713
397	-174.82689130758823	-249.64815917638728	-223.66306513222037	-174.44296348691054
398	-174.79643616150884	-249.64912164050097	-223.66252276328206	-174.45107550907977
399	-174.80629366186062	-249.64908364260384	-223.66594734346833	-174.4592096372694
400	-174.7870447747051	-249.6502652995758	-223.6647645373615	-174.41974075949656
401	-174.7610123938379	-249.65387568581272	-223.66304969449916	-174.39486728731865
402	-174.81178334661394	-249.65514095588284	-223.67258111870234	-174.41468789011253
403	-174.741622428561	-249.65579925493003	-223.66490155779454	-174.3700833089286
404	-174.67717899837962	-249.658700875939	-223.65703172807318	-174.3228149941619
405	-174.6303225854823	-249.66338506723375	-223.65277576760084	-174.28225462743055
406	-174.7100242470348	-249.66572509745706	-223.66624845050652	-174.31684862233163
407	-174.69557292831377	-249.66701220921954	-223.6668710783329	-174.32264985081542
408	-174.78416550509456	-249.6698910985496	-223.68210468647578	-174.3997134251463
409	-174.74412821745022	-249.67415213305546	-223.680184383083	-174.35977829728222
410	-173.27077024111466	-249.67542091533906	-223.47425541110405	-172.94159504643568
411	-173.24908586448097	-249.67740735002533	-223.47464860967995	-172.91616038042915
412	-173.0876333797089	-249.68770943659726	-223.4542932706956	-172.71072836899938
413	-172.98207825662462	-249.68618868747632	-223.4441631290438	-172.6720934390882
414	-172.9109452812119	-249.68567731534074	-223.43616074063632	-172.61244037310541
415	-172.86070467164785	-249.6885593088382	-223.42992262996566	-172.5169400094291
416	-173.03901504852436	-249.69250219006344	-223.45975975821452	-172.73769618258086
417	-172.79144233429946	-249.69343093664276	-223.42600132186575	-172.51921299509635
418	-172.6965183786298	-249.69420366906974	-223.41382835348608	-172.43387612510614
419	-172.60508684339456	-249.6953573053826	-223.40169189711787	-172.3446172946894
420	-172.63932057222905	-249.6950121242053	-223.4070354369574	-172.36986750404878
421	-172.70324318403638	-249.69692858545378	-223.4174590198738	-172.43018061025802
422	-172.6726293424134	-249.69846742237914	-223.4142561307829	-172.38744660655556
423	-172.57651328904083	-249.70218018387723	-223.4023929747645	-172.24548369431122
424	-172.45152286551945	-249.6996493158073	-223.38690203387762	-172.17475577198914
425	-172.51969967320505	-249.69957306851177	-223.3981527166761	-172.2632216842972
426	-172.23634579077387	-249.6996142671342	-223.3583001686096	-171.97245406217257
427	-172.05291229824044	-249.70094511336458	-223.33341686021197	-171.76757157421864
428	-172.15664233416322	-249.70142933502586	-223.35088272044956	-171.9080974649886
429	-172.13713346830835	-249.7012474580312	-223.34919156340194	-171.8866575871979
430	-172.04359412064335	-249.70353284030276	-223.3368159413128	-171.78419619368773
431	-172.0844477661746	-249.70349072633692	-223.3439982666134	-171.83822742411044
432	-171.88495257834973	-249.70280611919358	-223.31678649703375	-171.66754913369684
433	-171.6099254991788	-249.7024908668282	-223.27785316556023	-171.41361117845653
434	-171.70330347731064	-249.70303873933568	-223.2920366287128	-171.49331172061105
435	-171.7010339008744	-249.70315311569527	-223.292349521939	-171.48172523693881
436	-171.5725640821727	-249.70333441516087	-223.2747423417513	-171.35613844626133
437	-171.7039158513216	-249.70378928528916	-223.29450833766677	-171.48486310919398
438	-171.69079729643965	-249.70426854384016	-223.2934998730774	-171.48364051894384
439	-171.37498734907732	-249.70401397449493	-223.24835125199982	-171.17638823443727
440	-171.49256382565616	-249.7038903005946	-223.26577893739366	-171.27779342598146
441	-171.90470969381204	-249.7033091380054	-223.32671275422595	-171.6752229329982
442	-171.96709948650673	-249.7039669481307	-223.33629112855948	-171.7703812877583
443	-171.79300275112206	-249.70324541053967	-223.31181621472012	-171.6008138732677
444	-171.92022429121678	-249.70399440866345	-223.33041396524712	-171.73113527472108
445	-171.89284478336333	-249.70388465354574	-223.3269467742386	-171.68284856413746
446	-171.8498978860238	-249.7042756512307	-223.32129916785982	-171.65705167268382
447	-171.83058641840927	-249.70507867750138	-223.31868406631887	-171.64200773345925
448	-171.7874469035296	-249.70619738281957	-223.31315818639774	-171.580553050133
449	-171.83379647164364	-249.70632172515596	-223.3205683791178	-171.64402272436442
450	-171.88868218316176	-249.70664011696545	-223.32915903822095	-171.6847284223827
451	-171.93809341991007	-249.7066271237952	-223.3361872837856	-171.74146151297674
452	-172.16689093336225	-249.7092327917227	-223.369252493669	-171.91835425017982
453	-171.94326745154441	-249.71028625961748	-223.33890510591786	-171.70253107517775
454	-172.35629385881805	-249.70928466310863	-223.39962918817847	-172.1425960490174
455	-172.1133467114817	-249.70935108950556	-223.36639174148618	-171.9195236242845
456	-171.9658144711888	-249.70962183246164	-223.345598902028	-171.7591556423888
457	-172.0645279313663	-249.7099266795493	-223.36107269624986	-171.79894141300932
458	-171.94231146469005	-249.71009728292313	-223.3457951703692	-171.7044573516658
459	-172.12840870121337	-249.711459896699	-223.37384723778558	-171.92866817680462
460	-172.11702976305523	-249.71083967386983	-223.37246398529467	-171.85890568005698
461	-172.30965019035938	-249.71038084680168	-223.40272693126124	-172.08108699788426
462	-172.3963019964901	-249.71073925018015	-223.416616878659	-172.19175076541617
463	-172.3079896416694	-249.71012683218441	-223.40460113881497	-172.11442993567172
464	-172.161028903788	-249.71482887284208	-223.3840754790527	-171.95659777967518
465	-172.34690025144116	-249.7150664421233	-223.412214498343	-172.1078561110987
466	-172.2569216957429	-249.7153996440794	-223.40125733695524	-172.06654518991877
467	-172.42538751376205	-249.71606459454333	-223.425764555887	-172.17172614056824
468	-172.3407819140878	-249.715705012243	-223.41385385397462	-172.13796631911237
469	-172.34906171714192	-249.71626791043423	-223.41569413227248	-172.15096376043536
470	-172.38845476859365	-249.7168417164282	-223.42173086192636	-172.1935176180816
471	-172.38067066335682	-249.71753174876883	-223.42135241665196	-172.16798119675454
472	-172.5310504695026	-249.71839950836983	-223.4436339397355	-172.30955280291522
473	-172.36353644973542	-249.72555413589924	-223.42261488739075	-172.10426680694061
474	-171.8403445713858	-249.7256141252342	-223.35136183268136	-171.6352833684043
475	-172.0359699356155	-249.72539770086618	-223.37963840041635	-171.82057257868436
476	-172.14775987728916	-249.7300617253299	-223.39689718097273	-171.92951596481154
477	-172.26278969812154	-249.7327168127174	-223.41500836788134	-172.04283624623417
478	-172.0362478161611	-249.73133998219083	-223.38450387955018	-171.8209022863794
479	-171.92463027461602	-249.73204078292207	-223.36971713041783	-171.73089982750744
480	-172.13194424277108	-249.73439390072872	-223.40010005831448	-171.92313726597928
481	-172.0923033902266	-249.73528755578243	-223.39550079737356	-171.88602435957765
482	-172.0414063874367	-249.73418107183747	-223.38995864916328	-171.83637085951514
483	-171.96698307655564	-249.73613535183773	-223.37988460746527	-171.73711615992733
484	-171.99595921505795	-249.73677126736197	-223.3849532886972	-171.79206866661625
485	-172.37290095790405	-249.73866563786189	-223.43989448625086	-172.09833533521538
486	-171.7792060329693	-249.73766040259764	-223.35953581169733	-171.59202952826078
487	-171.6916330831357	-249.73795262218493	-223.34751824226962	-171.52770657026866
488	-171.77727761678264	-249.73954067483	-223.36012041991222	-171.60472932435025
489	-171.66591013103502	-249.73990585539315	-223.34465537518028	-171.50546893498563
490	-171.18353255781503	-249.73882105632035	-223.27583329707656	-171.02408182230016
491	-171.0331291771521	-249.73947802051285	-223.25449620640995	-170.875473237635
492	-171.4155131945542	-249.74152869771038	-223.3091842891001	-171.1910627148873
493	-171.21761616560485	-249.74251576804437	-223.28409878953232	-171.0496213389426
494	-171.64637947702093	-249.7413819185267	-223.34593134962105	-171.45342905002795
495	-171.50359069511893	-249.74191892220398	-223.32662575825933	-171.33967654208493
496	-171.2741254851694	-249.74098890561402	-223.29431717512583	-171.11547581149384
497	-171.1684589345705	-249.7582245102711	-223.28003702391769	-170.8329765443248
498	-171.17380151400513	-249.75731705990555	-223.29262365341538	-171.0156313576762
499	-171.39835016026026	-249.75754254725368	-223.32569519178932	-171.23695050582413
500	-171.04046892170805	-249.7582825228487	-223.27498035523624	-170.87976044698482
