time	time	departures_all	arrivals_all	stuck_all	en-route_all	departures_car	arrivals_car	stuck_car	en-route_car
00:00:00	0	2	0	0	2	2	0	0	2
00:05:00	300	0	2	0	0	0	2	0	0
00:10:00	600	1	0	0	1	1	0	0	1
00:15:00	900	0	0	0	1	0	0	0	1
00:20:00	1200	0	1	0	0	0	1	0	0
00:25:00	1500	0	0	0	0	0	0	0	0
00:30:00	1800	0	0	0	0	0	0	0	0
00:35:00	2100	0	0	0	0	0	0	0	0
00:40:00	2400	0	0	0	0	0	0	0	0
00:45:00	2700	0	0	0	0	0	0	0	0
00:50:00	3000	0	0	0	0	0	0	0	0
00:55:00	3300	0	0	0	0	0	0	0	0
01:00:00	3600	0	0	0	0	0	0	0	0
01:05:00	3900	0	0	0	0	0	0	0	0
01:10:00	4200	0	0	0	0	0	0	0	0
01:15:00	4500	0	0	0	0	0	0	0	0
01:20:00	4800	0	0	0	0	0	0	0	0
01:25:00	5100	0	0	0	0	0	0	0	0
01:30:00	5400	0	0	0	0	0	0	0	0
01:35:00	5700	0	0	0	0	0	0	0	0
01:40:00	6000	0	0	0	0	0	0	0	0
01:45:00	6300	0	0	0	0	0	0	0	0
01:50:00	6600	0	0	0	0	0	0	0	0
01:55:00	6900	0	0	0	0	0	0	0	0
02:00:00	7200	0	0	0	0	0	0	0	0
02:05:00	7500	0	0	0	0	0	0	0	0
02:10:00	7800	0	0	0	0	0	0	0	0
02:15:00	8100	0	0	0	0	0	0	0	0
02:20:00	8400	0	0	0	0	0	0	0	0
02:25:00	8700	0	0	0	0	0	0	0	0
02:30:00	9000	0	0	0	0	0	0	0	0
02:35:00	9300	0	0	0	0	0	0	0	0
02:40:00	9600	0	0	0	0	0	0	0	0
02:45:00	9900	0	0	0	0	0	0	0	0
02:50:00	10200	0	0	0	0	0	0	0	0
02:55:00	10500	0	0	0	0	0	0	0	0
03:00:00	10800	0	0	0	0	0	0	0	0
03:05:00	11100	0	0	0	0	0	0	0	0
03:10:00	11400	0	0	0	0	0	0	0	0
03:15:00	11700	0	0	0	0	0	0	0	0
03:20:00	12000	0	0	0	0	0	0	0	0
03:25:00	12300	0	0	0	0	0	0	0	0
03:30:00	12600	0	0	0	0	0	0	0	0
03:35:00	12900	0	0	0	0	0	0	0	0
03:40:00	13200	0	0	0	0	0	0	0	0
03:45:00	13500	0	0	0	0	0	0	0	0
03:50:00	13800	0	0	0	0	0	0	0	0
03:55:00	14100	0	0	0	0	0	0	0	0
04:00:00	14400	0	0	0	0	0	0	0	0
04:05:00	14700	0	0	0	0	0	0	0	0
04:10:00	15000	0	0	0	0	0	0	0	0
04:15:00	15300	0	0	0	0	0	0	0	0
04:20:00	15600	0	0	0	0	0	0	0	0
04:25:00	15900	0	0	0	0	0	0	0	0
04:30:00	16200	0	0	0	0	0	0	0	0
04:35:00	16500	0	0	0	0	0	0	0	0
04:40:00	16800	0	0	0	0	0	0	0	0
04:45:00	17100	0	0	0	0	0	0	0	0
04:50:00	17400	0	0	0	0	0	0	0	0
04:55:00	17700	0	0	0	0	0	0	0	0
05:00:00	18000	0	0	0	0	0	0	0	0
05:05:00	18300	0	0	0	0	0	0	0	0
05:10:00	18600	0	0	0	0	0	0	0	0
05:15:00	18900	0	0	0	0	0	0	0	0
05:20:00	19200	0	0	0	0	0	0	0	0
05:25:00	19500	0	0	0	0	0	0	0	0
05:30:00	19800	0	0	0	0	0	0	0	0
05:35:00	20100	0	0	0	0	0	0	0	0
05:40:00	20400	1	1	0	0	1	1	0	0
05:45:00	20700	0	0	0	0	0	0	0	0
05:50:00	21000	0	0	0	0	0	0	0	0
05:55:00	21300	0	0	0	0	0	0	0	0
06:00:00	21600	2	1	0	1	2	1	0	1
06:05:00	21900	1	1	0	1	1	1	0	1
06:10:00	22200	0	1	0	0	0	1	0	0
06:15:00	22500	1	0	0	1	1	0	0	1
06:20:00	22800	3	0	0	4	3	0	0	4
06:25:00	23100	60	1	0	63	60	1	0	63
06:30:00	23400	75	26	0	112	75	26	0	112
06:35:00	23700	65	58	0	119	65	58	0	119
06:40:00	24000	60	61	0	118	60	61	0	118
06:45:00	24300	17	63	0	72	17	63	0	72
06:50:00	24600	0	64	0	8	0	64	0	8
06:55:00	24900	2	8	0	2	2	8	0	2
07:00:00	25200	93	13	0	82	93	13	0	82
07:05:00	25500	2	43	0	41	2	43	0	41
07:10:00	25800	7	34	0	14	7	34	0	14
07:15:00	26100	11	17	0	8	11	17	0	8
07:20:00	26400	33	12	0	29	33	12	0	29
07:25:00	26700	199	13	0	215	199	13	0	215
07:30:00	27000	163	84	0	294	163	84	0	294
07:35:00	27300	156	120	0	330	156	120	0	330
07:40:00	27600	129	126	0	333	129	126	0	333
07:45:00	27900	40	155	0	218	40	155	0	218
07:50:00	28200	17	137	0	98	17	137	0	98
07:55:00	28500	43	82	0	59	43	82	0	59
08:00:00	28800	54	34	0	79	54	34	0	79
08:05:00	29100	55	53	0	81	55	53	0	81
08:10:00	29400	65	53	0	93	65	53	0	93
08:15:00	29700	47	65	0	75	47	65	0	75
08:20:00	30000	87	56	0	106	87	56	0	106
08:25:00	30300	464	33	0	537	464	33	0	537
08:30:00	30600	377	249	0	665	377	249	0	665
08:35:00	30900	347	359	0	653	347	359	0	653
08:40:00	31200	360	343	0	670	360	343	0	670
08:45:00	31500	155	331	0	494	155	331	0	494
08:50:00	31800	40	252	0	282	40	252	0	282
08:55:00	32100	281	166	0	397	281	166	0	397
09:00:00	32400	242	202	0	437	242	202	0	437
09:05:00	32700	232	218	0	451	232	218	0	451
09:10:00	33000	224	198	0	477	224	198	0	477
09:15:00	33300	82	220	0	339	82	220	0	339
09:20:00	33600	14	212	0	141	14	212	0	141
09:25:00	33900	83	83	0	141	83	83	0	141
09:30:00	34200	98	70	0	169	98	70	0	169
09:35:00	34500	97	91	0	175	97	91	0	175
09:40:00	34800	103	89	0	189	103	89	0	189
09:45:00	35100	38	88	0	139	38	88	0	139
09:50:00	35400	15	80	0	74	15	80	0	74
09:55:00	35700	15	64	0	25	15	64	0	25
10:00:00	36000	14	13	0	26	14	13	0	26
10:05:00	36300	15	18	0	23	15	18	0	23
10:10:00	36600	18	21	0	20	18	21	0	20
10:15:00	36900	18	12	0	26	18	12	0	26
10:20:00	37200	20	21	0	25	20	21	0	25
10:25:00	37500	106	17	0	114	106	17	0	114
10:30:00	37800	109	73	0	150	109	73	0	150
10:35:00	38100	79	80	0	149	79	80	0	149
10:40:00	38400	66	77	0	138	66	77	0	138
10:45:00	38700	11	70	0	79	11	70	0	79
10:50:00	39000	11	70	0	20	11	70	0	20
10:55:00	39300	11	18	0	13	11	18	0	13
11:00:00	39600	30	7	0	36	30	7	0	36
11:05:00	39900	30	23	0	43	30	23	0	43
11:10:00	40200	34	25	0	52	34	25	0	52
11:15:00	40500	31	33	0	50	31	33	0	50
11:20:00	40800	34	32	0	52	34	32	0	52
11:25:00	41100	55	33	0	74	55	33	0	74
11:30:00	41400	73	54	0	93	73	54	0	93
11:35:00	41700	71	65	0	99	71	65	0	99
11:40:00	42000	63	70	0	92	63	70	0	92
11:45:00	42300	45	68	0	69	45	68	0	69
11:50:00	42600	44	49	0	64	44	49	0	64
11:55:00	42900	49	48	0	65	49	48	0	65
12:00:00	43200	44	45	0	64	44	45	0	64
12:05:00	43500	47	42	0	69	47	42	0	69
12:10:00	43800	44	45	0	68	44	45	0	68
12:15:00	44100	56	49	0	75	56	49	0	75
12:20:00	44400	61	55	0	81	61	55	0	81
12:25:00	44700	46	53	0	74	46	53	0	74
12:30:00	45000	52	50	0	76	52	50	0	76
12:35:00	45300	48	57	0	67	48	57	0	67
12:40:00	45600	64	45	0	86	64	45	0	86
12:45:00	45900	59	61	0	84	59	61	0	84
12:50:00	46200	45	63	0	66	45	63	0	66
12:55:00	46500	59	53	0	72	59	53	0	72
13:00:00	46800	69	49	0	92	69	49	0	92
13:05:00	47100	62	58	0	96	62	58	0	96
13:10:00	47400	56	61	0	91	56	61	0	91
13:15:00	47700	78	58	0	111	78	58	0	111
13:20:00	48000	65	71	0	105	65	71	0	105
13:25:00	48300	67	76	0	96	67	76	0	96
13:30:00	48600	65	74	0	87	65	74	0	87
13:35:00	48900	74	62	0	99	74	62	0	99
13:40:00	49200	54	69	0	84	54	69	0	84
13:45:00	49500	58	66	0	76	58	66	0	76
13:50:00	49800	57	60	0	73	57	60	0	73
13:55:00	50100	58	45	0	86	58	45	0	86
14:00:00	50400	65	60	0	91	65	60	0	91
14:05:00	50700	59	65	0	85	59	65	0	85
14:10:00	51000	60	61	0	84	60	61	0	84
14:15:00	51300	88	75	0	97	88	75	0	97
14:20:00	51600	90	79	0	108	90	79	0	108
14:25:00	51900	116	65	0	159	116	65	0	159
14:30:00	52200	140	98	0	201	140	98	0	201
14:35:00	52500	121	122	0	200	121	122	0	200
14:40:00	52800	115	132	0	183	115	132	0	183
14:45:00	53100	74	126	0	131	74	126	0	131
14:50:00	53400	65	114	0	82	65	114	0	82
14:55:00	53700	74	61	0	95	74	61	0	95
15:00:00	54000	94	88	0	101	94	88	0	101
15:05:00	54300	76	68	0	109	76	68	0	109
15:10:00	54600	85	85	0	109	85	85	0	109
15:15:00	54900	96	89	0	116	96	89	0	116
15:20:00	55200	78	73	0	121	78	73	0	121
15:25:00	55500	80	85	0	116	80	85	0	116
15:30:00	55800	70	82	0	104	70	82	0	104
15:35:00	56100	70	79	0	95	70	79	0	95
15:40:00	56400	81	81	0	95	81	81	0	95
15:45:00	56700	67	76	0	86	67	76	0	86
15:50:00	57000	57	64	0	79	57	64	0	79
15:55:00	57300	51	61	0	69	51	61	0	69
16:00:00	57600	64	63	0	70	64	63	0	70
16:05:00	57900	61	60	0	71	61	60	0	71
16:10:00	58200	65	64	0	72	65	64	0	72
16:15:00	58500	48	56	0	64	48	56	0	64
16:20:00	58800	50	57	0	57	50	57	0	57
16:25:00	59100	48	58	0	47	48	58	0	47
16:30:00	59400	51	44	0	54	51	44	0	54
16:35:00	59700	61	47	0	68	61	47	0	68
16:40:00	60000	79	68	0	79	79	68	0	79
16:45:00	60300	74	61	0	92	74	61	0	92
16:50:00	60600	60	77	0	75	60	77	0	75
16:55:00	60900	67	73	0	69	67	73	0	69
17:00:00	61200	82	64	0	87	82	64	0	87
17:05:00	61500	90	67	0	110	90	67	0	110
17:10:00	61800	140	102	0	148	140	102	0	148
17:15:00	62100	173	144	0	177	173	144	0	177
17:20:00	62400	161	172	0	166	161	172	0	166
17:25:00	62700	242	188	0	220	242	188	0	220
17:30:00	63000	202	179	0	243	202	179	0	243
17:35:00	63300	173	198	0	218	173	198	0	218
17:40:00	63600	223	188	0	253	223	188	0	253
17:45:00	63900	181	204	0	230	181	204	0	230
17:50:00	64200	240	238	0	232	240	238	0	232
17:55:00	64500	211	204	0	239	211	204	0	239
18:00:00	64800	197	230	0	206	197	230	0	206
18:05:00	65100	195	199	0	202	195	199	0	202
18:10:00	65400	218	225	0	195	218	225	0	195
18:15:00	65700	212	214	0	193	212	214	0	193
18:20:00	66000	219	210	0	202	219	210	0	202
18:25:00	66300	224	226	0	200	224	226	0	200
18:30:00	66600	203	231	0	172	203	231	0	172
18:35:00	66900	244	219	0	197	244	219	0	197
18:40:00	67200	212	227	0	182	212	227	0	182
18:45:00	67500	185	189	0	178	185	189	0	178
18:50:00	67800	206	198	0	186	206	198	0	186
18:55:00	68100	187	197	0	176	187	197	0	176
19:00:00	68400	156	177	0	155	156	177	0	155
19:05:00	68700	170	179	0	146	170	179	0	146
19:10:00	69000	179	162	0	163	179	162	0	163
19:15:00	69300	157	169	0	151	157	169	0	151
19:20:00	69600	111	144	0	118	111	144	0	118
19:25:00	69900	117	131	0	104	117	131	0	104
19:30:00	70200	130	120	0	114	130	120	0	114
19:35:00	70500	116	128	0	102	116	128	0	102
19:40:00	70800	131	113	0	120	131	113	0	120
19:45:00	71100	98	124	0	94	98	124	0	94
19:50:00	71400	88	109	0	73	88	109	0	73
19:55:00	71700	108	93	0	88	108	93	0	88
20:00:00	72000	114	116	0	86	114	116	0	86
20:05:00	72300	92	92	0	86	92	92	0	86
20:10:00	72600	96	102	0	80	96	102	0	80
20:15:00	72900	95	98	0	77	95	98	0	77
20:20:00	73200	83	88	0	72	83	88	0	72
20:25:00	73500	94	80	0	86	94	80	0	86
20:30:00	73800	70	79	0	77	70	79	0	77
20:35:00	74100	92	90	0	79	92	90	0	79
20:40:00	74400	78	83	0	74	78	83	0	74
20:45:00	74700	71	92	0	53	71	92	0	53
20:50:00	75000	46	61	0	38	46	61	0	38
20:55:00	75300	48	49	0	37	48	49	0	37
21:00:00	75600	25	37	0	25	25	37	0	25
21:05:00	75900	42	32	0	35	42	32	0	35
21:10:00	76200	44	39	0	40	44	39	0	40
21:15:00	76500	54	39	0	55	54	39	0	55
21:20:00	76800	52	46	0	61	52	46	0	61
21:25:00	77100	48	55	0	54	48	55	0	54
21:30:00	77400	48	49	0	53	48	49	0	53
21:35:00	77700	50	46	0	57	50	46	0	57
21:40:00	78000	61	64	0	54	61	64	0	54
21:45:00	78300	49	40	0	63	49	40	0	63
21:50:00	78600	51	56	0	58	51	56	0	58
21:55:00	78900	57	50	0	65	57	50	0	65
22:00:00	79200	63	66	0	62	63	66	0	62
22:05:00	79500	49	60	0	51	49	60	0	51
22:10:00	79800	48	35	0	64	48	35	0	64
22:15:00	80100	62	52	0	74	62	52	0	74
22:20:00	80400	67	56	0	85	67	56	0	85
22:25:00	80700	89	65	0	109	89	65	0	109
22:30:00	81000	80	83	0	106	80	83	0	106
22:35:00	81300	103	95	0	114	103	95	0	114
22:40:00	81600	80	92	0	102	80	92	0	102
22:45:00	81900	60	86	0	76	60	86	0	76
22:50:00	82200	39	71	0	44	39	71	0	44
22:55:00	82500	29	43	0	30	29	43	0	30
23:00:00	82800	26	27	0	29	26	27	0	29
23:05:00	83100	26	26	0	29	26	26	0	29
23:10:00	83400	23	28	0	24	23	28	0	24
23:15:00	83700	16	14	0	26	16	14	0	26
23:20:00	84000	19	24	0	21	19	24	0	21
23:25:00	84300	23	12	0	32	23	12	0	32
23:30:00	84600	20	19	0	33	20	19	0	33
23:35:00	84900	19	26	0	26	19	26	0	26
23:40:00	85200	22	18	0	30	22	18	0	30
23:45:00	85500	12	19	0	23	12	19	0	23
23:50:00	85800	11	26	0	8	11	26	0	8
23:55:00	86100	8	13	0	3	8	13	0	3
24:00:00	86400	4	6	0	1	4	6	0	1
24:05:00	86700	2	2	0	1	2	2	0	1
24:10:00	87000	2	3	0	0	2	3	0	0
24:15:00	87300	1	1	0	0	1	1	0	0
24:20:00	87600	1	1	0	0	1	1	0	0
24:25:00	87900	1	1	0	0	1	1	0	0
24:30:00	88200	0	0	0	0	0	0	0	0
24:35:00	88500	0	0	0	0	0	0	0	0
24:40:00	88800	0	0	0	0	0	0	0	0
24:45:00	89100	0	0	0	0	0	0	0	0
24:50:00	89400	0	0	0	0	0	0	0	0
24:55:00	89700	0	0	0	0	0	0	0	0
25:00:00	90000	0	0	0	0	0	0	0	0
25:05:00	90300	0	0	0	0	0	0	0	0
25:10:00	90600	0	0	0	0	0	0	0	0
25:15:00	90900	0	0	0	0	0	0	0	0
25:20:00	91200	0	0	0	0	0	0	0	0
25:25:00	91500	0	0	0	0	0	0	0	0
25:30:00	91800	0	0	0	0	0	0	0	0
25:35:00	92100	0	0	0	0	0	0	0	0
25:40:00	92400	0	0	0	0	0	0	0	0
25:45:00	92700	0	0	0	0	0	0	0	0
25:50:00	93000	0	0	0	0	0	0	0	0
25:55:00	93300	0	0	0	0	0	0	0	0
26:00:00	93600	0	0	0	0	0	0	0	0
26:05:00	93900	0	0	0	0	0	0	0	0
26:10:00	94200	0	0	0	0	0	0	0	0
26:15:00	94500	0	0	0	0	0	0	0	0
26:20:00	94800	0	0	0	0	0	0	0	0
26:25:00	95100	0	0	0	0	0	0	0	0
26:30:00	95400	0	0	0	0	0	0	0	0
26:35:00	95700	0	0	0	0	0	0	0	0
26:40:00	96000	0	0	0	0	0	0	0	0
26:45:00	96300	0	0	0	0	0	0	0	0
26:50:00	96600	0	0	0	0	0	0	0	0
26:55:00	96900	0	0	0	0	0	0	0	0
27:00:00	97200	0	0	0	0	0	0	0	0
27:05:00	97500	0	0	0	0	0	0	0	0
27:10:00	97800	0	0	0	0	0	0	0	0
27:15:00	98100	0	0	0	0	0	0	0	0
27:20:00	98400	0	0	0	0	0	0	0	0
27:25:00	98700	0	0	0	0	0	0	0	0
27:30:00	99000	0	0	0	0	0	0	0	0
27:35:00	99300	0	0	0	0	0	0	0	0
27:40:00	99600	0	0	0	0	0	0	0	0
27:45:00	99900	0	0	0	0	0	0	0	0
27:50:00	100200	0	0	0	0	0	0	0	0
27:55:00	100500	0	0	0	0	0	0	0	0
28:00:00	100800	0	0	0	0	0	0	0	0
28:05:00	101100	0	0	0	0	0	0	0	0
28:10:00	101400	0	0	0	0	0	0	0	0
28:15:00	101700	0	0	0	0	0	0	0	0
28:20:00	102000	0	0	0	0	0	0	0	0
28:25:00	102300	0	0	0	0	0	0	0	0
28:30:00	102600	0	0	0	0	0	0	0	0
28:35:00	102900	0	0	0	0	0	0	0	0
28:40:00	103200	0	0	0	0	0	0	0	0
28:45:00	103500	0	0	0	0	0	0	0	0
28:50:00	103800	0	0	0	0	0	0	0	0
28:55:00	104100	0	0	0	0	0	0	0	0
29:00:00	104400	0	0	0	0	0	0	0	0
29:05:00	104700	0	0	0	0	0	0	0	0
29:10:00	105000	0	0	0	0	0	0	0	0
29:15:00	105300	0	0	0	0	0	0	0	0
29:20:00	105600	0	0	0	0	0	0	0	0
29:25:00	105900	0	0	0	0	0	0	0	0
29:30:00	106200	0	0	0	0	0	0	0	0
29:35:00	106500	0	0	0	0	0	0	0	0
29:40:00	106800	0	0	0	0	0	0	0	0
29:45:00	107100	0	0	0	0	0	0	0	0
29:50:00	107400	0	0	0	0	0	0	0	0
29:55:00	107700	0	0	0	0	0	0	0	0
30:00:00	108000	0	0	0	0	0	0	0	0
30:05:00	108300	0	0	0	0	0	0	0	0
